   2.0000000e+00   1.1950119e+00   1.5568033e+00  -6.6109957e-01   6.1228392e-01  -6.1672196e-01  -1.1325153e+00
   2.0000000e+00   9.1173322e-01   3.8458645e-01  -6.9557080e-01   8.8379107e-01   2.0194025e+00   2.4628383e+00
   2.0000000e+00   3.5246942e-01   8.8774070e-01   1.0822493e+00  -6.2002299e-01   1.4265906e+00  -7.3785708e-01
   2.0000000e+00  -4.3679251e-01  -1.9775899e+00   1.1825012e+00  -3.3596486e-01  -1.9398300e+00  -1.0522527e+00
   1.0000000e+00  -1.3869701e+00   1.8562162e+00   3.0582397e-01  -1.5729133e-01  -6.7985618e-02   1.0363576e-01
   2.0000000e+00  -1.2461692e+00  -1.1047891e+00   2.0845665e+00  -1.0617549e+00   2.2151746e-01  -8.9540909e-01
   2.0000000e+00  -3.2246084e-01  -1.7793092e+00  -1.9503716e-01   1.4051945e+00   9.9973942e-01  -8.6877268e-01
   2.0000000e+00  -4.0142123e-02  -1.1638134e+00  -2.9853361e-02  -1.4484568e+00   5.5409706e-01   7.1785267e-01
   1.0000000e+00  -1.1366734e+00   4.8648552e-02   6.8065711e-02   9.5991446e-01   1.5908251e+00   8.1176218e-01
   2.0000000e+00  -7.1903672e-01   1.2237077e+00   7.3814825e-01   8.2194463e-01   5.6359139e-01   1.3287355e+00
   2.0000000e+00   5.7612884e-01  -7.2650537e-01   4.4343812e-01   1.7927464e-02  -2.9875902e-01   9.9188825e-01
   2.0000000e+00   1.2532383e+00   4.9919333e-01   3.0828091e-01   8.9731425e-01   5.8439996e-01  -1.1807585e+00
   2.0000000e+00  -2.3507429e-01  -6.3197009e-01   2.6677459e-01  -3.4987664e-01   8.3353055e-03  -1.2164297e+00
   1.0000000e+00   5.1870350e-01  -1.9594740e-01   9.0018805e-01   1.2411690e+00  -1.8621598e+00  -1.7911275e-01
   1.0000000e+00   5.7986773e-01   6.6773300e-01   3.5839373e-01  -1.7767763e+00   7.0445110e-01   6.8615075e-01
   2.0000000e+00   8.8770331e-01   1.5862079e-01  -8.3374519e-01  -7.2822433e-01  -5.0269381e-01   3.8760997e-01
   1.0000000e+00  -2.1487703e-01   3.5330305e-01   2.7875002e-01  -6.1498499e-01   1.6402216e-01  -4.7282202e-01
   2.0000000e+00   1.2410938e+00   2.3593148e-02  -1.3859383e-01   7.2370626e-01  -1.7487588e-01   2.0986263e-01
   2.0000000e+00  -1.5539450e+00  -9.1996734e-01  -4.4476084e-01   3.5372829e-02  -1.6171051e+00  -3.1107557e-02
   1.0000000e+00  -1.2034332e+00   1.4906070e+00   2.8613237e-01   7.4654852e-01  -2.3494333e+00   5.4369217e-01
   2.0000000e+00   3.3168238e-01   3.3888008e-01  -1.3819046e+00  -6.7799491e-01  -1.0365796e-01  -6.7975311e-01
   1.0000000e+00   8.4988835e-02   6.1998650e-01   6.0370364e-01   1.7518165e+00  -3.7017572e-01   4.0178763e-01
   2.0000000e+00  -1.1433433e+00  -5.7309089e-01  -3.8826273e-01   1.4797589e-01   1.5677368e-01   1.5238462e+00
   2.0000000e+00   2.6532471e-01  -1.2157156e+00  -2.2937878e+00  -1.6210364e+00  -1.7557059e+00   6.3462292e-01
   2.0000000e+00   8.3889064e-02   1.4481477e+00  -5.1265720e-01   1.0101594e+00   5.6407679e-01  -3.1842925e-01
   2.0000000e+00   6.6373537e-01  -4.4757973e-01   4.4322109e-01   9.7466202e-01   1.6655786e+00   1.6654636e+00
   1.0000000e+00   9.1556654e-01   1.1299632e-01   2.2916928e-01   2.2756199e-01   5.2070317e-01  -7.1053601e-01
   1.0000000e+00  -1.0306553e+00  -9.0769970e-02   4.9654284e-01  -5.4173818e-01  -9.0781766e-01   1.1255139e-01
   2.0000000e+00  -5.6763690e-01  -1.1238662e+00  -1.2088560e+00  -5.9382433e-01   9.2576859e-01  -3.6851039e-01
   2.0000000e+00  -1.9546516e-01   2.9468535e-01   8.9563990e-02   6.1236225e-01  -2.1763191e-01  -1.1296246e+00
   2.0000000e+00   1.4945981e-01  -4.7116683e-01  -4.3113905e-01  -6.9947161e-02  -1.2930026e+00   1.0595489e+00
   2.0000000e+00  -1.1427662e+00  -3.8270575e-01  -8.3115378e-01  -5.5079426e-01   1.2156631e-01  -1.4594143e+00
   2.0000000e+00  -8.8300678e-02   7.3892413e-01   9.0799415e-01   6.0217055e-01   2.5476459e+00   1.4796122e+00
   2.0000000e+00  -7.2115570e-01  -1.1119538e+00  -1.1403111e+00  -2.4054769e-01   5.6822882e-01   6.2829635e-01
   1.0000000e+00  -7.0547590e-01   1.2775842e-01   6.1069004e-01  -9.6178893e-01  -1.2516464e+00   6.7892549e-01
   2.0000000e+00   2.1123608e+00  -1.9258870e-01   6.2376236e-01  -1.7293153e-01   1.1010882e+00  -4.9389179e-01
   2.0000000e+00   2.3534272e+00  -5.7401658e-01   8.0963242e-01   1.3939693e-01  -1.4576368e-01   1.3144126e-01
   2.0000000e+00   1.3443575e+00   2.0481361e+00  -6.0997906e-01   1.8939554e+00  -4.0273652e-01   8.4394635e-01
   2.0000000e+00  -1.5407687e+00  -1.4736401e-01   1.0775672e+00   1.2117098e+00  -1.9132450e-01  -6.8126822e-01
   2.0000000e+00  -7.7734983e-01  -1.0819419e+00  -7.4546250e-01   8.8066071e-01  -6.5107931e-01   5.7752113e-01
   1.0000000e+00   8.1544469e-01  -2.2334575e-01   6.0036076e-01   1.2028996e+00   4.4583447e-01  -9.2171646e-02
   2.0000000e+00   3.4848721e-01  -7.7016037e-01   1.6630495e+00   4.8230123e-02   1.2995125e-01   9.7350695e-01
   1.0000000e+00   4.7205424e-01  -1.5300899e-01   7.6408204e-01   1.4411871e+00  -3.2344687e-01   1.1878612e-01
   2.0000000e+00  -3.7966185e-02   1.1419360e+00  -3.0640398e-01   6.8382827e-01   1.1273030e+00  -1.4537943e+00
   2.0000000e+00  -4.1402491e-01   6.9678054e-01   8.1696357e-01   1.9089782e+00  -1.2989440e+00   7.7119764e-01
   2.0000000e+00   5.8605775e-01  -2.0847114e+00  -1.9455147e-01   7.9523541e-02   5.2992775e-01   7.0044042e-02
   2.0000000e+00   1.6701200e-01  -8.1410382e-01  -8.9109543e-01   6.3585441e-01  -5.3520892e-01  -1.6391474e-02
   2.0000000e+00  -2.4913801e+00   1.4111182e+00   3.8229708e-01  -1.5085121e+00  -1.7695974e+00  -7.2447479e-01
   1.0000000e+00   3.4770170e-01   1.0083471e+00   3.8094556e-02  -6.6145347e-01   4.6049265e-01  -2.0503277e-01
   2.0000000e+00   3.3517298e-01   1.1970044e+00  -1.0274905e+00  -1.7591503e+00   7.9919447e-01  -1.1357463e-01
   2.0000000e+00   4.0820778e-01  -1.6759345e-01  -2.4258799e+00  -1.1122085e+00   1.0201052e+00   6.8909302e-01
   2.0000000e+00   4.1514481e-01  -1.1409655e+00   1.2141187e+00  -1.7982399e+00   3.6463625e-01   6.7913342e-01
   1.0000000e+00  -4.4858742e-01  -1.2106863e+00   3.4729401e-01   6.4181940e-01   1.5211076e+00  -8.2440804e-01
   2.0000000e+00   2.3638476e-01   1.4347779e+00   4.3842897e-01   2.2874908e+00  -1.4011954e+00  -1.3836206e+00
   2.0000000e+00   6.5831990e-01   4.9973546e-02  -1.1912081e+00   3.3826500e+00  -3.7274264e-01  -1.1000034e-01
   2.0000000e+00  -8.5749353e-01   1.0681565e+00   5.6711938e-01   6.3350076e-01   4.3827612e-02  -1.1558166e+00
   2.0000000e+00  -1.7977825e+00   1.5798217e-01  -2.6102542e-01  -1.7224145e+00  -6.3630261e-01   1.1663576e+00
   2.0000000e+00  -1.3250153e+00  -9.2953650e-01   1.1228476e+00  -2.8697678e-01   7.1894274e-01  -4.2443751e-01
   2.0000000e+00  -4.0427446e-01  -2.0802544e-01  -8.3082930e-01   1.7499190e+00  -3.5892569e-01  -9.2764217e-01
   1.0000000e+00   7.2652141e-01   1.2485694e-01   3.1502725e-01  -1.4156243e+00  -5.6816964e-02   4.6779505e-02
   2.0000000e+00  -1.8525207e+00  -4.8565951e-01  -8.8148430e-01   1.5234953e-02  -1.7583862e+00  -1.2157987e+00
   2.0000000e+00   1.7837780e+00   8.1959530e-01   4.3438195e-01   5.9709042e-01  -7.4178122e-01  -3.5205775e+00
   2.0000000e+00  -3.0818622e+00  -1.1482825e+00  -3.2721451e-01   1.2714730e+00  -6.5799061e-01  -3.9718233e-01
   2.0000000e+00  -4.4597306e-01   1.0198091e+00   1.1272086e+00   4.0117174e-01  -8.2408030e-01   7.6729688e-01
   2.0000000e+00   1.3047375e+00  -7.8642314e-02   2.1739578e+00   6.2325110e-01  -2.3041488e-01  -8.2566789e-01
   2.0000000e+00   1.3769492e+00   8.0575671e-01   1.3137743e+00  -1.5515342e+00   7.5012353e-01   1.8144474e+00
   2.0000000e+00  -6.8185611e-01   1.5685985e-02   1.4537752e+00  -1.6265867e+00  -6.6108140e-01   1.4402686e-01
   1.0000000e+00  -4.5883400e-01  -5.1310175e-01   1.3738267e-01  -4.7649867e-01  -5.8407252e-02   2.4845199e-01
   2.0000000e+00  -1.4807085e+00   1.5192287e+00   1.6102467e+00  -2.6521722e-01  -3.1122218e-01  -1.1540379e+00
   2.0000000e+00  -4.3299735e-01  -5.8642348e-01  -2.9269669e+00   8.5144558e-01   3.1351517e-01  -4.2886550e-01
   2.0000000e+00  -6.1007480e-01   3.2771206e-01   1.6663564e-01   1.0445278e+00   6.7713590e-01  -1.9692675e+00
   2.0000000e+00  -3.9784572e-01   1.2040867e+00  -7.4028777e-01  -8.4803975e-01   3.2839245e-01   4.2440410e-01
   2.0000000e+00  -4.4780575e-01   9.9190862e-02  -7.3187437e-01  -4.9784289e-01   1.5573125e+00   1.3113393e-01
   1.0000000e+00   1.3400247e+00   2.9433452e-01   8.1127790e-01  -8.5114296e-01  -2.6651473e-01   3.2486850e-01
   2.0000000e+00  -1.0378017e+00   4.0474781e-01   7.6681154e-01  -1.1766192e-01  -5.4944680e-01   1.5453900e+00
   1.0000000e+00   5.0841044e-01  -9.9056287e-01   1.7626542e-01   1.4595244e+00   2.0201920e+00   1.7008999e-01
   2.0000000e+00  -2.5344024e-01  -5.7518576e-01  -6.4607624e-01  -1.4860889e-01   1.9850871e-01  -2.2473095e-01
   1.0000000e+00  -6.1547167e-01  -2.3947958e+00   1.0486971e-01  -8.2648437e-02   1.6162743e+00   8.8856861e-01
   2.0000000e+00   8.2201642e-01   5.4891319e-01  -4.5434562e-01   1.2486686e+00   1.1199824e+00  -9.6534573e-01
   2.0000000e+00  -4.8665108e-04  -1.3388635e+00  -2.5364042e-01   1.7431916e+00  -1.0593895e+00   2.3106059e+00
   2.0000000e+00  -2.0214665e+00   1.4274149e+00   1.6823447e+00   2.6317851e+00   4.3101713e-01   9.8434756e-02
   2.0000000e+00   4.6120643e-01  -1.0191905e-01   1.5193254e+00  -7.3736989e-01  -2.7413982e-01  -2.4148996e-01
   2.0000000e+00   4.6336373e-01   2.0294250e-01  -7.0023427e-01   4.0625496e-02  -1.8738989e+00   6.8322236e-01
   2.0000000e+00  -2.1829313e+00  -2.8694468e-01   4.4577731e-01  -1.7353205e+00  -3.4065892e-01  -4.2321708e-01
   1.0000000e+00   1.9687229e+00  -9.0646670e-01   5.3149575e-02  -2.3067767e-01  -1.4675765e+00   5.3171381e-01
   1.0000000e+00  -1.0168087e+00   6.4146481e-02   4.1664224e-01   1.4726983e-01  -5.7423942e-01   5.5573827e-02
   1.0000000e+00   5.2566135e-02   3.3289606e-01   8.8111342e-01   1.6774453e+00   5.6707639e-01  -2.9425486e-01
   1.0000000e+00  -3.6279268e-01  -1.7086044e-01   2.0065299e-01  -1.4382553e+00   9.7986783e-01   1.3760716e-01
   2.0000000e+00  -7.1348054e-02  -1.0505877e+00   1.0791823e+00  -4.5587126e-01  -1.7444756e+00   9.2785025e-01
   2.0000000e+00  -2.5283286e-01  -6.3598305e-01  -6.1453562e-01   1.1809824e+00  -1.8090861e+00  -1.6858921e-01
   1.0000000e+00   1.6464455e+00  -1.5369259e+00   8.4646744e-01  -8.4479964e-01  -2.4860803e+00  -1.2751804e-01
   2.0000000e+00  -1.0672340e+00   1.9278886e+00   7.7858536e-01   1.7355262e-01  -2.5589690e-01   1.5511649e+00
   2.0000000e+00  -4.3667060e-01   1.0721536e+00  -2.9444412e-01  -5.6276718e-01  -1.2990131e+00   3.3237664e-02
   2.0000000e+00  -1.1524716e+00   8.6544075e-01   3.5935499e-01  -8.5097870e-01   6.3348035e-02  -1.8989730e+00
   1.0000000e+00   1.1787124e-01   1.0336488e+00   7.9370258e-01  -1.0212542e+00  -1.7967410e+00  -3.7768592e-01
   2.0000000e+00   8.0125233e-01  -1.3646644e+00   1.7833887e+00   1.7276288e+00   2.8192075e+00  -1.2866448e+00
   2.0000000e+00  -1.7041168e+00   4.7666806e-01  -4.3704580e-02  -5.3635095e-02  -2.0482724e+00   1.8694273e+00
   2.0000000e+00  -1.1957016e+00  -1.6179730e-01  -1.1263615e+00  -1.1005404e-02   2.1661533e+00   3.1338666e-01
   2.0000000e+00  -6.8887959e-01  -4.4169350e-01   8.3283184e-01  -8.2021060e-01   3.9032337e-01  -1.0999951e+00
   2.0000000e+00   6.8963390e-01   1.8789805e-01   1.2101306e+00  -6.0355807e-01  -9.0379387e-01  -7.7058720e-01
   1.0000000e+00  -1.0460769e+00  -3.4316249e-01   4.1589653e-01  -8.1917197e-01   9.9599124e-01  -4.5968427e-01
   2.0000000e+00  -6.8183802e-01   9.2463729e-01  -9.7856682e-01  -6.0635827e-01   7.0844614e-01  -1.5593159e+00
   2.0000000e+00   1.0584661e-01   1.9634820e+00  -3.2843560e-01   6.2904813e-01   2.3676309e-01  -7.9643000e-02
   2.0000000e+00  -6.2786171e-01  -6.6695871e-01  -7.4929143e-01  -4.0053843e-01   1.2769469e+00  -2.4269605e-02
   2.0000000e+00   1.2479166e+00  -1.3385674e-01   1.4769688e+00   1.7669515e+00  -2.2147113e-01  -1.0339397e+00
   2.0000000e+00  -1.2380064e+00  -9.8891166e-02  -1.2221564e+00   1.2645583e+00  -2.0817841e+00   1.5298696e-01
   2.0000000e+00   3.6941082e-01   3.4340942e-01  -2.8271255e-01  -1.7381916e+00   9.3644797e-01   1.6038238e+00
   1.0000000e+00   1.1034874e+00   2.0555945e+00   4.3268340e-02   9.5975626e-01   7.4332724e-01  -4.5349197e-01
   2.0000000e+00  -1.2216314e+00  -6.9595722e-01  -2.5962680e+00  -2.0022187e-01   1.8730534e-01  -7.5263308e-01
   2.0000000e+00   1.4833974e+00  -4.6851741e-01   1.4336023e-01  -3.3904618e-02  -1.9507346e+00   1.7936305e+00
   2.0000000e+00  -7.4541783e-01  -1.9492917e+00  -2.5455491e+00  -1.4509628e+00  -1.7863260e+00   6.5714771e-01
   2.0000000e+00  -1.2852319e+00   1.3441481e-01   4.7867081e-01  -1.2002345e+00   2.4206304e+00   1.8642297e+00
   2.0000000e+00  -1.7380798e+00   1.1130091e+00  -1.8382286e+00   1.6344747e+00  -4.7453912e-01   3.3105418e-01
   2.0000000e+00   1.6185214e+00   1.6315709e-02  -1.5929435e-01  -3.1675647e-01   4.3355291e-01  -7.0274856e-01
   2.0000000e+00  -9.7806005e-01  -2.9509813e-01   5.9092036e-01  -3.9569572e-01   2.7590824e-01   9.2573941e-01
   2.0000000e+00  -8.0242956e-01   6.6509835e-01   1.1642825e+00  -6.4433123e-01  -6.4394960e-02   4.3756592e-01
   1.0000000e+00   5.0798046e-02  -4.5656704e-01   3.7232379e-01  -1.5219487e+00  -1.4878518e-01  -7.2131455e-01
   2.0000000e+00  -7.1669092e-01  -1.8017899e-01  -7.3279393e-01  -6.2628038e-01   1.0568973e+00   1.2198305e+00
   2.0000000e+00  -6.8818781e-01   1.0252231e+00  -1.6295658e+00  -4.4323971e-01  -6.5966637e-02  -1.2451306e+00
   1.0000000e+00  -1.0609279e-01   7.4782221e-01   8.4245974e-01  -6.7042014e-02   7.2550752e-01  -2.0160202e-01
   2.0000000e+00  -9.3522796e-01  -1.1539402e+00  -6.3565502e-01   1.2134420e+00   5.1960012e-01   5.4675224e-02
   2.0000000e+00   1.5840161e+00   1.0928964e-01  -1.4300123e+00  -1.4121487e+00  -6.6108255e-01   2.2983084e+00
   2.0000000e+00  -9.1260537e-01   3.7403103e-01   1.8108267e+00  -4.7059255e-02   1.8271611e-01  -7.9988577e-01
   2.0000000e+00  -8.1061945e-01   3.0869665e-01  -2.3968183e+00  -1.7174024e+00   9.2849741e-01   4.3207751e-01
   1.0000000e+00   1.8942413e+00  -1.0742911e+00   4.5037781e-01   9.3792855e-01   4.3523836e-02  -1.5776812e-01
   2.0000000e+00  -1.3380314e+00  -5.2716471e-01  -1.4082440e+00  -6.6901569e-01   1.4783962e-01  -1.4704472e+00
   2.0000000e+00  -2.2374000e+00   8.3744104e-01   2.5656918e-01  -5.2479708e-01  -3.0056859e-01   1.3113370e+00
   2.0000000e+00   1.8546398e-01  -7.0523924e-01  -1.3857001e+00  -1.4396489e+00   1.7491508e+00   1.6931496e+00
   2.0000000e+00  -2.7229401e+00   3.1756249e-02  -9.5892326e-01   3.3719028e-01  -7.1104392e-01  -1.7086660e+00
   2.0000000e+00   4.2676826e-01   6.5771116e-02  -1.3888538e+00  -2.4847029e+00  -1.5353148e+00   9.0943520e-01
   2.0000000e+00   4.5020867e-01   1.2512065e+00  -1.1402149e+00   1.7203182e-01   1.0624774e+00   1.2046154e+00
   2.0000000e+00  -2.0953777e+00   1.9311383e-01  -6.1041248e-01  -2.1910976e-01   6.0465955e-01  -1.3686415e+00
   2.0000000e+00   5.8429271e-01   8.3798530e-01  -1.3150686e+00   1.1597000e+00  -4.0704432e-01  -7.8771573e-01
   2.0000000e+00   1.0845842e+00  -9.3711632e-01  -1.1334541e+00   3.5577004e-01  -8.0861374e-01   1.2009464e+00
   1.0000000e+00   1.5737316e-01   6.7117407e-01   2.2795909e-01   6.0243090e-01   7.8751786e-01  -5.1151815e-01
   2.0000000e+00   1.1140707e+00  -1.2224229e-01  -1.1221533e+00   8.7020667e-01   1.8562738e-01   2.6876179e-01
   2.0000000e+00   2.7868956e-01  -9.1838265e-01  -2.1410798e+00  -1.6292260e-01   1.2312567e+00  -4.1918776e-01
   2.0000000e+00   1.2784418e+00  -8.0476429e-02   7.1200519e-01  -1.4438717e+00  -2.9299972e-01   2.0512537e+00
   2.0000000e+00   3.0539928e-01  -1.9477843e+00  -5.7632595e-01   4.6374084e-02   1.1078097e+00  -4.8676180e-01
   1.0000000e+00  -1.4281365e+00  -3.8547277e-01   8.4276993e-01  -4.2618709e-01  -2.8379051e+00  -5.1887522e-01
   1.0000000e+00  -5.2412782e-02  -1.1820070e+00   4.1103094e-01  -3.1431032e-01   5.0040553e-01   4.2421229e-01
   1.0000000e+00  -3.8023838e-01   7.3533830e-01   2.1346750e-01   1.7511807e+00  -3.0880113e-01   6.4857552e-01
   2.0000000e+00  -6.9467165e-01  -2.6010520e+00  -6.8852385e-02  -1.3908877e+00   7.1088610e-01  -5.3946664e-02
   2.0000000e+00   8.6659563e-01   2.7665918e-01   1.8302178e-01   6.0422443e-01   1.0481541e+00  -1.1750321e+00
   2.0000000e+00  -4.2199525e-01  -1.9508232e+00  -1.7776904e+00  -1.1771775e+00  -2.7768656e-01   6.2445097e-01
   2.0000000e+00  -1.8605199e+00   1.5162103e-01  -3.6666959e-01   3.1309417e-01  -5.8782622e-01   4.8084172e-01
   2.0000000e+00   5.3460230e-01  -1.1426101e+00  -3.8657914e-01  -4.3290324e-01   1.2845827e+00   5.7249585e-01
   2.0000000e+00  -7.1427331e-02  -1.3331345e-01  -1.7708979e+00  -5.6736899e-01  -8.2423621e-01   6.7052966e-02
   2.0000000e+00  -2.3069340e-01  -2.5473369e-01  -9.2111566e-01  -5.5513592e-01   8.3031768e-01  -1.7959783e+00
   1.0000000e+00  -9.4607512e-01   6.3231300e-01   4.1242055e-01  -1.2500537e+00   3.1161919e-01  -2.1156483e-02
   2.0000000e+00   1.4803235e+00   5.7392688e-01   1.5392590e+00  -6.1111012e-01   1.0297737e+00   4.7090681e-01
   2.0000000e+00   5.0857335e-01  -1.8636634e+00  -5.0068321e-01   1.2023399e+00  -2.6636077e-01   9.6798547e-01
   1.0000000e+00   1.3859934e+00  -1.0494796e+00   4.7635520e-01   8.5974733e-01  -3.2751744e-01   6.7961814e-01
   2.0000000e+00   2.9787060e-01   2.6097764e-01   3.0682181e-01   2.8685867e-01   2.2543855e+00  -1.0261865e+00
   2.0000000e+00  -1.1683183e+00   1.3231389e+00  -5.3994595e-01  -2.2101202e+00   1.4800643e+00   6.0117962e-01
   2.0000000e+00   1.1077391e-01   2.4058309e-01  -1.6774718e+00  -4.0514881e-01   8.2219098e-01  -6.5832288e-01
   1.0000000e+00  -6.0460077e-01   1.3533630e-01   3.9509704e-01   8.5266592e-01   5.0829888e-01   7.8608204e-01
   2.0000000e+00  -3.5791421e-01  -8.8582880e-01   1.1107299e+00   5.9677712e-01  -1.5696789e-01   1.6623651e+00
   2.0000000e+00  -5.8961210e-01  -1.1446900e+00   9.4112403e-01  -9.4569302e-01   1.3749305e+00   2.1543717e+00
   2.0000000e+00  -6.1261338e-01  -3.5367057e-02   7.3930063e-01   2.8967580e-02  -3.7515067e-01   8.3362882e-01
   2.0000000e+00   5.6337840e-01  -6.9937198e-01   2.9672306e-01   1.7527358e+00  -9.0713872e-01  -1.8495477e+00
   2.0000000e+00  -7.0565379e-01  -7.9339754e-01   1.5154095e+00   5.0620662e-01   1.0214319e+00   8.7594464e-02
   2.0000000e+00  -6.8236690e-01  -5.9811796e-01   1.4088490e+00  -1.5526067e+00  -1.1519964e+00  -2.1639973e-02
   2.0000000e+00   1.5809896e-01   2.7425792e-01  -7.7324102e-01  -1.1623095e-01   5.5888722e-02  -1.1053037e+00
   2.0000000e+00   3.1254725e-01  -2.0793943e+00  -9.6141384e-01  -2.5225194e-01   4.0731993e-01   1.5514539e+00
   2.0000000e+00  -1.2392952e+00   1.4611211e+00   1.5069088e+00  -7.5675586e-01   9.7787548e-02  -2.2377270e+00
   2.0000000e+00   1.2595105e+00  -6.1414169e-01   4.9703437e-01   4.5284280e-01   4.3916851e-01   1.0152287e+00
   2.0000000e+00   2.0631835e-01  -5.3203808e-01  -1.4064397e-01   3.1120249e-01   2.5354173e-01   8.1152131e-01
   2.0000000e+00  -8.3858967e-02  -2.8299512e-01  -1.8787895e+00   1.0994818e+00   1.6052762e+00   1.4313405e+00
   1.0000000e+00   3.0415725e-01  -3.8493858e-01   6.1510154e-01  -2.7305144e-01  -4.9656321e-01  -1.1003512e-01
   2.0000000e+00  -3.1277412e-01  -3.1592596e-01  -3.4907188e-02  -2.2780778e-01   1.8483856e+00   4.7199230e-01
   1.0000000e+00  -2.4582313e-01  -1.3048398e+00   2.1019994e-01  -5.3747276e-01  -3.9453291e-01  -7.6463482e-01
   1.0000000e+00  -2.8044620e-02   1.4187087e+00   1.2210605e-01  -3.8181916e-01  -3.9296035e-01  -3.0017417e-01
   2.0000000e+00   6.2494961e-01   1.7844094e+00  -8.1498513e-01   3.6657553e-01   6.4465964e-01   1.0478024e+00
   2.0000000e+00  -4.7224913e-01  -1.1485103e+00  -3.4353847e-01   6.1362520e-01  -1.0026078e+00  -1.3407962e+00
   1.0000000e+00   1.5081434e+00   5.5697366e-01   5.3315092e-01  -8.3492895e-02  -2.1286381e+00  -5.9283593e-01
   2.0000000e+00  -1.4741745e+00   1.4234368e+00  -4.6362032e-01   1.4349624e-01  -2.1877485e+00  -8.3146074e-02
   1.0000000e+00   2.9577329e-01   1.0808208e-02   2.3156358e-01   5.9599988e-01   3.8554313e-01   7.8433709e-01
   2.0000000e+00   4.3350564e-01   1.2738103e+00   1.6527209e+00   3.7150487e-01   1.4207664e-01  -8.0770461e-01
   2.0000000e+00   2.2878873e-01  -1.8232164e-01   1.8817228e+00  -3.0479452e+00   9.3005754e-01  -2.2799323e-01
   2.0000000e+00  -1.8002697e+00   7.3291893e-01  -1.3610918e+00  -2.4901168e-01  -7.8553620e-01   4.6231559e-01
   2.0000000e+00  -2.5975897e-01   9.1331259e-01  -3.0199518e-01  -1.3189467e+00   1.5746336e+00  -5.4285959e-01
   2.0000000e+00  -5.0307812e-01   9.2763110e-01  -3.8103963e-01   3.6487387e-01   1.0448493e+00  -6.7986793e-01
   1.0000000e+00  -9.2069097e-01   2.9985665e-02   7.8998980e-01  -1.9539694e-01   7.8239155e-01   2.4369835e-01
   1.0000000e+00  -5.4067318e-01   1.3194761e+00   6.4430068e-01   8.7539556e-01  -3.6008130e-01   2.7434602e-01
   2.0000000e+00  -9.6848903e-01  -3.7229894e-01   1.5629477e+00   4.6348145e-01   2.3712175e-01   6.6805180e-01
   2.0000000e+00  -4.8847974e-01  -1.4530265e+00  -2.4718492e+00   1.7186149e+00  -1.6360418e-01   3.6392621e-01
   2.0000000e+00   1.4420599e+00   9.8190592e-01  -2.1065810e-01   1.7690390e+00   1.3415481e+00  -1.1609818e+00
   2.0000000e+00   2.0339147e-01   2.8855634e-01  -8.1189680e-01   1.2148624e+00  -1.7802449e-01   1.1393310e+00
   2.0000000e+00  -7.0592448e-01  -1.2904853e+00  -7.5972511e-02  -7.1998694e-01  -1.0665828e+00   1.3986803e+00
   2.0000000e+00  -2.6044518e-01  -2.2747084e-01   8.7531420e-01  -2.0245982e+00   1.6584839e+00  -5.7277331e-01
   2.0000000e+00  -1.1546748e-01  -7.4203059e-01   1.8493477e+00   8.5263642e-01  -1.0097848e-01   3.2156299e-01
   2.0000000e+00   2.9716343e+00   9.3353777e-02   4.4961134e-01   2.5737034e-01   4.4099609e-01  -9.2028384e-02
   2.0000000e+00  -2.1043787e-01  -2.8323004e-01   7.5217501e-01  -4.9052700e-01  -1.0481766e+00  -1.1283942e+00
   2.0000000e+00   3.7324215e-01   1.0478278e+00  -4.1060100e-01   1.3899645e+00   1.1271398e+00  -3.1819049e-01
   2.0000000e+00  -1.8907251e-01  -2.5748844e-01   1.0565729e+00  -3.8281964e-01  -4.5414769e-01  -2.0637366e+00
   2.0000000e+00   5.0839463e-02  -2.7322501e-01  -2.5973835e-01   2.7784699e-01   1.7578965e+00  -1.5854188e+00
   2.0000000e+00  -1.1453717e+00   3.0238898e-01   1.2217503e+00  -2.4961078e-01  -4.1226317e-01  -5.4898202e-01
   2.0000000e+00   6.0444593e-01   6.9194506e-01  -1.2381851e-01   9.5330732e-02   2.8451439e-01   6.5954747e-01
   2.0000000e+00   4.3517458e-01   6.1424109e-01  -1.3776864e+00   4.8773320e-01   3.3359921e-01  -1.1460273e-02
   2.0000000e+00   3.9428692e-01  -1.6513309e-01  -1.3490679e+00  -6.3810009e-01   2.6921265e-01  -6.7319715e-01
   2.0000000e+00  -2.2807640e+00   5.1157323e-01   2.3861432e+00   6.4341873e-01  -3.0697027e-01   3.2018391e-01
   2.0000000e+00   4.1869909e-02  -6.8281301e-01  -7.2850137e-01  -1.3789616e+00  -1.5616966e+00   6.7653042e-01
   2.0000000e+00   1.2320359e+00  -2.3356598e-01  -1.3079831e+00   1.7805998e-01   1.2950746e+00  -9.1112344e-01
   2.0000000e+00  -1.3094979e+00  -1.1960554e+00  -4.3988424e-01   1.1218706e+00   9.7627580e-01   2.4535594e-01
   2.0000000e+00  -5.9595345e-01   3.7326277e-01  -5.6034390e-01   8.9672136e-01  -1.4207749e-01   1.6169992e+00
   2.0000000e+00  -1.3324917e-01   4.9911080e-01   4.8790466e-01   4.5067058e-01   1.2692336e+00  -1.7067517e+00
   2.0000000e+00   2.9784420e-01   1.1139144e+00  -2.0249119e-01   2.6228387e+00  -1.1047170e+00  -1.2240087e+00
   2.0000000e+00   3.7629820e-01   1.7657068e+00  -4.0230419e-02   2.4655507e+00   3.5317180e-01  -1.1823761e+00
   2.0000000e+00  -4.7896522e-01  -1.0684353e+00  -1.1593752e-01   1.6407382e-01   1.8859905e-01  -2.1092027e+00
   2.0000000e+00  -9.7010475e-01   9.7682148e-01  -2.8278639e+00   1.2325746e+00   3.2329966e-02   1.1327319e+00
   2.0000000e+00   2.8226086e-01   5.3094372e-02   8.0855497e-01   3.4720075e-01  -1.6956077e+00   1.1804525e+00
   2.0000000e+00  -2.2048108e-01   7.1267589e-01   1.6370138e+00  -3.8043108e-01  -1.5370595e+00  -1.1799233e+00
   2.0000000e+00   1.1999156e+00  -1.4070490e+00  -1.1930268e+00  -9.9299632e-01  -9.9780314e-01   9.6005757e-01
   2.0000000e+00   1.5822296e-01   2.8427564e+00  -5.4750312e-01   6.1421532e-01  -7.2099408e-01   8.6330149e-01
   2.0000000e+00  -7.3751620e-01  -8.0839494e-01  -7.0980166e-01   1.2574690e-01   1.3319088e+00   7.9117392e-01
   2.0000000e+00   8.2173286e-01  -1.2629325e+00  -1.2745915e+00   1.1142031e+00  -4.4509621e-01   9.7676310e-01
   2.0000000e+00   1.3534550e+00  -1.7029053e+00  -9.2965946e-01  -2.0724973e-01   1.6630965e+00   1.0220026e+00
   1.0000000e+00  -5.5130121e-01   3.6028403e-01   9.5314486e-02  -5.5352597e-01   4.8619835e-01   3.5486016e-03
   2.0000000e+00   1.5195877e+00  -1.1149978e+00   6.7336635e-01   1.6640029e+00  -7.3725987e-01   1.4067791e+00
   2.0000000e+00  -2.3409711e+00   6.7020025e-01   4.8749112e-01   5.3679447e-01   3.6195764e-01  -1.1599881e+00
   1.0000000e+00  -1.2934066e+00  -5.1295500e-01   2.3256726e-01   2.0756483e+00  -7.3187389e-01   2.3258139e-01
   1.0000000e+00   8.0745182e-01  -7.3614098e-02   3.1899653e-01   2.9149986e-01   1.5350193e+00  -7.5090220e-01
   2.0000000e+00  -5.4682126e-01   1.1508546e+00   1.2450089e+00   2.2845982e-01   1.9581962e+00  -1.5953107e+00
   2.0000000e+00  -1.1422978e+00  -3.4004758e-01   2.1193579e+00  -2.9356774e-01  -3.2920300e-01   3.7477320e-01
   2.0000000e+00   3.3453563e-01  -9.1407575e-01   1.1079831e+00  -6.3327133e-01   2.2775189e-01  -3.8071705e-01
   1.0000000e+00  -6.2819432e-01   4.3988661e-01   2.4767377e-01  -2.5273370e-01   4.2786271e-01  -6.7598557e-02
   2.0000000e+00  -4.6516772e-01   1.4194262e+00  -7.9486396e-01  -8.0135354e-01  -3.3511509e-01  -4.4606691e-02
   2.0000000e+00   7.2742496e-02   2.3484141e-01   2.7903056e+00   1.3906100e+00  -9.9083618e-01   2.1546745e-01
   2.0000000e+00  -1.5626989e+00   5.9917721e-02  -6.8226302e-01  -1.7782737e+00  -1.3774833e-01   1.3613605e+00
   2.0000000e+00  -8.4221946e-01   2.4635324e-01   7.6253064e-01  -4.2774678e-01  -2.2260796e-01   1.4848651e+00
   2.0000000e+00  -4.5703863e-04  -3.7558601e-01   1.1967801e+00   4.0261900e-01  -8.0300564e-01   3.2035349e+00
   2.0000000e+00   5.0789178e-01   2.0006783e-01  -5.7388491e-01  -5.1048101e-01   4.4686239e-01  -8.7630458e-01
   2.0000000e+00  -1.3138822e+00  -6.8887796e-01   5.4471673e-01   1.1414127e+00  -1.4212740e-01   2.0440941e+00
   2.0000000e+00   1.2870280e+00   1.8357355e-01   2.6571732e-01   7.0977846e-01   4.4457814e-02   9.6663586e-01
   2.0000000e+00   5.5662921e-01   2.4152295e-01  -4.8251600e-01  -2.6909922e+00   1.8980310e-01   6.6551039e-01
   2.0000000e+00  -3.3250056e-02   5.0662550e-01   2.0803530e+00  -1.2049742e-01   9.9537809e-01   4.0698762e-01
   1.0000000e+00  -7.6398975e-01  -3.6635534e-01   9.4370482e-02  -3.9858790e-02   2.2793847e+00  -5.4394926e-01
   2.0000000e+00  -3.5577327e-01  -1.8551762e-01  -9.1070374e-01   5.4112546e-02  -3.5823800e-01  -6.0649839e-01
   1.0000000e+00  -3.1888352e-01  -1.1354866e+00   6.1346256e-02  -4.3764576e-01   1.4097808e+00  -2.1298862e-01
   1.0000000e+00  -1.6993228e-01  -3.9668354e-01   4.7568154e-01   1.3650610e+00   8.1857708e-01  -2.7645342e-01
   2.0000000e+00  -3.0561672e-01   4.1336222e-01  -1.3837550e+00  -2.9283809e-01   1.0906711e-03   1.7123542e-01
   2.0000000e+00   2.0513882e-02  -1.8746584e-01   6.4175131e-01   1.4900691e+00   1.5183408e+00   9.1537802e-01
   2.0000000e+00   1.2014732e+00  -1.6148514e+00  -8.6679364e-01   3.6334719e-01   8.5392423e-01  -2.9363042e-01
   2.0000000e+00   1.1307270e+00  -1.2663066e-01  -5.3167287e-02   6.9468061e-01   8.2310390e-01   3.6044654e-01
   2.0000000e+00  -2.5552025e-01  -5.4329681e-01   9.9248891e-01  -5.6921847e-02  -4.6516955e-01   6.1484641e-01
   2.0000000e+00   1.4093853e-01  -3.1745548e-01  -1.8762011e+00  -1.1062529e+00  -5.1694227e-01  -4.7982159e-01
   2.0000000e+00  -5.5527218e-01  -1.8602971e-01  -5.5910044e-01   6.5640815e-01   3.1410263e-01  -4.9938771e-01
   1.0000000e+00   1.8750858e+00  -1.8900453e+00   7.2381398e-02   1.1372579e+00   8.9479067e-01   5.5853834e-01
   2.0000000e+00   1.0636083e+00   1.2960657e+00  -1.6167260e+00  -1.0786668e+00   2.3095379e-01  -3.4684408e-01
   2.0000000e+00   3.0644188e-01   1.7543074e+00  -5.6597881e-01  -7.3191055e-01   2.2182232e+00  -4.3437184e-01
   1.0000000e+00   2.3835360e-01  -9.8753315e-01   6.2224055e-01  -7.1192558e-01   7.1473687e-01  -2.9488285e-01
   2.0000000e+00   8.0680824e-01   9.2209473e-01  -4.1751396e-01  -7.1079810e-01   3.3412097e-01  -9.0439479e-01
   2.0000000e+00   1.2577793e+00   5.8864393e-01  -1.0727687e+00  -8.9726664e-01   2.0563759e-02  -2.0526240e-01
   1.0000000e+00  -1.9337837e-01  -4.9261220e-01   1.4695639e-01   1.0575076e+00   1.2358658e+00  -3.2934319e-01
   2.0000000e+00   1.6477071e-01   8.9516755e-01  -1.0558258e+00   5.5368799e-01  -3.8025305e-01  -6.9030820e-01
   2.0000000e+00  -7.7683058e-01  -1.3124591e+00  -2.1843529e-01   2.2618820e+00   1.1382787e+00   1.4376261e+00
   2.0000000e+00  -1.8967395e+00  -5.9413057e-01   1.7972895e+00  -1.3037025e-01   1.3219001e+00  -3.3568772e-01
   2.0000000e+00   1.1299169e+00   1.2051641e+00   9.7399823e-01  -2.1697716e-01   1.2531407e+00   8.5857859e-01
   1.0000000e+00   5.6086851e-01   1.2995368e+00   8.1417922e-02   4.3047876e-01   1.7844465e-01   8.1886108e-01
   2.0000000e+00   4.1302054e-01  -9.5601193e-01  -1.1795986e+00   1.8615762e+00  -1.1641951e+00   7.3810542e-01
   1.0000000e+00   2.3953796e-01   1.7559584e+00   4.8268961e-01  -1.7060911e+00   1.9399889e+00   1.5849780e-01
   2.0000000e+00  -2.9731537e-01  -3.1079880e-02   6.5545306e-01  -7.9315366e-01   8.6485229e-01  -1.0019707e+00
   2.0000000e+00   4.2154746e-01   1.1432089e-01  -9.2167271e-01   3.5371350e-03  -1.7011472e+00  -1.5650965e-01
   2.0000000e+00  -5.4462571e-01   4.8181925e-01   2.5108998e+00   1.9744042e-01  -9.8276860e-01   2.0407603e+00
   1.0000000e+00   8.3519588e-01  -3.4028215e-01   5.5650487e-02  -2.0965664e+00  -4.2140834e-01   1.1385251e-01
   2.0000000e+00   8.7724407e-01  -1.6778906e-01   1.8398413e-01  -4.3055795e-01  -1.0319475e+00   1.4671549e+00
   2.0000000e+00   1.5883531e-01   1.6876584e+00  -6.7753642e-01   1.3272069e+00  -8.7152813e-01   1.0722358e-01
   1.0000000e+00   2.2064402e-01   5.4224997e-01   3.9627205e-01   6.9394732e-01  -1.9114530e+00  -2.2081753e-01
   1.0000000e+00   1.7046476e-01  -3.9976689e-01   7.6473043e-01  -7.8875797e-01   1.9556995e+00  -6.0109814e-01
   2.0000000e+00   1.0252238e+00   1.1617171e+00   8.7721658e-01   6.2359083e-01   1.7187938e+00  -1.5827798e+00
   2.0000000e+00   9.6757911e-01   9.3717351e-01   9.4635836e-01  -7.6967664e-01   1.3102577e-01   7.7010285e-01
   2.0000000e+00  -7.3253587e-01  -1.9669091e+00  -2.6822906e+00  -1.9806079e-01   2.9871061e-01  -5.1846357e-01
   2.0000000e+00  -5.4081203e-01   1.0112937e+00   1.0186654e+00  -8.9068812e-01   8.1976958e-01   7.9481937e-01
   2.0000000e+00   1.0212267e+00  -5.0976120e-01  -8.2824136e-01  -2.9822807e-01  -6.5114635e-01  -8.8547000e-01
   2.0000000e+00   3.4042879e-01  -1.6082954e+00  -8.4823589e-01   1.7829796e+00   2.0712091e-02  -8.4654822e-01
   2.0000000e+00  -1.1718032e+00   9.3604629e-01   1.2444760e+00   6.1759000e-01  -1.5681957e-01   3.0171252e-01
   2.0000000e+00   2.9793898e-01   3.1910782e-01  -2.5417595e-01  -1.3579391e+00   9.7537578e-01   4.1442188e-01
   2.0000000e+00  -2.7839469e-01   6.3643686e-01   8.6115067e-01  -5.4507732e-03   1.3161096e+00   1.9557599e+00
   2.0000000e+00   9.5179178e-01  -1.4430498e+00   3.2817785e-01  -5.7663590e-01  -4.6056606e-01  -1.5277988e+00
   2.0000000e+00   7.9424524e-01  -2.7395383e+00   1.1599819e+00  -3.4448641e-01  -1.8261815e+00   6.3796450e-02
   2.0000000e+00  -7.6108854e-01   1.9643976e+00   2.5404874e-01   7.6139430e-01   1.2244484e+00   2.3825217e+00
   2.0000000e+00  -1.3235719e+00   1.2924001e+00  -1.6150155e+00   1.8626136e+00  -8.0340678e-01  -1.4807943e+00
   2.0000000e+00  -6.4740203e-01   5.6051921e-02  -2.3901981e+00   2.5301127e-01  -1.1342135e+00   1.6009252e+00
   1.0000000e+00   4.5891064e-01  -2.9850783e-01   4.5553159e-01  -9.3769806e-01  -7.3735687e-01  -2.5488037e-01
   2.0000000e+00   6.2721800e-01  -1.1929179e+00  -1.0999562e+00   6.6749142e-01  -1.3764308e+00  -1.3210212e+00
   2.0000000e+00   9.2900173e-01   1.8738784e+00   6.2593951e-02  -1.1002626e+00  -1.9683391e-01   1.0602127e+00
   1.0000000e+00   1.8675600e-01  -6.0438115e-01   3.4287287e-01  -4.6210114e-01  -1.7522362e+00   1.8001280e-01
   2.0000000e+00   2.1470450e+00  -6.3555678e-01  -1.2175662e+00   1.4243554e+00   1.1938841e+00  -1.5490450e+00
   2.0000000e+00   9.8442695e-01   2.2640015e+00   1.1471132e+00   3.9177270e-02  -9.1034605e-01  -3.2563225e-01
   1.0000000e+00  -7.4941504e-01   8.5235069e-01   5.3558545e-02   4.7308052e-01  -7.8769219e-02  -7.0565284e-01
   2.0000000e+00   1.4955841e-01  -5.2767927e-01  -1.2554339e-01   7.8108952e-01  -4.8066539e-01   3.9181759e-01
   2.0000000e+00   8.5136159e-01   1.8740811e+00   5.8821387e-01   6.8934079e-01  -9.9773292e-01  -1.1740473e+00
   2.0000000e+00   9.9339999e-01  -2.4323046e+00   6.7005037e-01   5.0775532e-01  -2.4280842e-02   2.0001862e+00
   2.0000000e+00   4.6298871e-02  -1.0395459e+00  -5.2182147e-01   1.9035785e+00   1.7225060e-01  -1.5919124e+00
   2.0000000e+00   1.0980342e+00  -6.1124668e-01  -1.5962511e+00   4.6136210e-01   1.3046885e+00   1.0142970e+00
   2.0000000e+00   2.9539126e-01   3.2874466e-01  -6.9287765e-01   1.8868750e-01  -3.1992318e-01  -3.4533066e-01
   2.0000000e+00   1.3442450e+00  -2.1188101e+00  -1.4845187e+00  -1.8802023e+00  -1.0875138e-01   1.5420976e+00
   1.0000000e+00   9.0156532e-01   8.4303527e-02   2.3256351e-01   1.3279830e+00  -4.1169137e-01   4.6320882e-01
   2.0000000e+00  -5.2716161e-01   1.6031677e+00   1.0772091e+00   1.5571069e+00   2.4035420e-01   2.0865206e-01
   2.0000000e+00   2.0647193e+00  -3.8775359e-01   2.5678686e-01  -5.5167734e-01   1.9314562e-01  -8.1859644e-01
   2.0000000e+00   7.0637762e-01  -1.1169216e+00   1.9181227e+00  -3.8797325e-01  -4.3542734e-01  -1.0326927e-02
   2.0000000e+00   8.9386193e-03   1.1420309e+00   2.1012466e-01   5.2149293e-01  -2.2008003e-01   1.3602324e+00
   2.0000000e+00  -3.6114342e-01  -6.7644446e-02  -1.9409884e-01  -1.2692852e+00   1.1702352e-01   1.0745130e-01
   1.0000000e+00  -9.7771701e-01   1.0545992e+00   7.9403270e-01   1.1976427e+00   7.1113205e-01   1.5178024e-01
   1.0000000e+00   1.0524422e+00   5.6164838e-01   1.7100020e-01  -2.0653608e+00   1.0878423e+00  -7.9131323e-01
   2.0000000e+00   1.6117308e+00  -4.4716639e-01   5.6898750e-01   2.4022581e+00  -1.5478479e+00  -1.9401766e+00
   2.0000000e+00  -7.7020969e-01   4.1042430e-01   2.6372346e-01  -1.9206454e+00  -1.1363463e+00   2.4262876e+00
   2.0000000e+00   1.9433857e-01   1.6082338e-01   1.1267691e+00   2.8632071e+00  -1.1895553e-01  -2.1439519e+00
   1.0000000e+00  -2.0856529e-01  -1.1286001e+00   2.2611284e-01  -2.9775944e-01   8.8859199e-01  -2.3371825e-01
   1.0000000e+00  -1.9368809e-01  -3.2160208e-01   5.7050216e-01   1.2954264e+00  -2.8416086e-01   3.7737505e-02
   2.0000000e+00  -7.4145336e-01   6.2384276e-01  -5.6663498e-01   1.0195403e+00   3.4946811e-01  -1.0620740e+00
   1.0000000e+00   1.3420504e-01   2.2233030e-01   4.9036724e-01   6.6515599e-01  -2.8195933e-01  -3.1760467e-01
   2.0000000e+00   8.1128188e-02   2.6460937e-01   7.3773663e-01   2.7169436e-01   1.5634837e+00  -1.4274861e+00
   2.0000000e+00   1.7826486e+00   3.5557919e-01  -1.3525391e-01   6.4212082e-01   5.4821578e-01  -6.4889554e-01
   2.0000000e+00  -1.1529736e-01  -6.2989474e-01   1.5191163e+00  -6.2251462e-01   9.9711785e-02   5.8799025e-01
   1.0000000e+00   4.5276773e-01  -5.1547163e-01   3.1448663e-01  -6.4742152e-01   5.7246456e-01  -1.4730620e-02
   2.0000000e+00  -1.0283998e+00   7.1186843e-01   1.5535108e+00  -1.8796467e+00  -6.4747643e-01  -1.1200886e+00
   2.0000000e+00  -1.8060505e+00   4.2068019e-02  -9.0301284e-01  -2.2440365e-01   3.0589601e-01   4.1275914e-01
   1.0000000e+00   9.5080853e-01  -2.1561135e-01   3.5715607e-01  -4.0612348e-01   1.0534509e-01   2.7809224e-01
   2.0000000e+00   2.7468078e-01  -2.4379810e-01   6.0589520e-01   1.2520419e-02   4.9935628e-01  -1.2416284e+00
   2.0000000e+00   7.6438623e-01  -6.1539366e-01  -1.2582167e+00  -7.4599440e-01   9.9688086e-01   8.2000997e-01
   1.0000000e+00  -1.3948890e+00   7.6181613e-01   2.1918607e-01   2.2909266e-01   9.6970101e-01   5.4350732e-01
   2.0000000e+00   3.1057123e-01   1.6241138e+00  -7.2243815e-01   1.1444068e+00   4.0146855e-02   1.0017623e+00
   2.0000000e+00   2.1318982e+00   6.0994006e-01   5.2522952e-02   1.2956636e-01   8.4572654e-01  -4.4406583e-01
   2.0000000e+00  -3.8580953e+00   1.1323706e+00   1.1702085e+00  -1.1270621e+00   3.7426835e-01  -1.4297236e+00
   1.0000000e+00   1.2825633e+00   2.3834050e-01   8.1362288e-01   5.0186501e-02  -4.9150100e-01   3.5515108e-01
   2.0000000e+00   9.0525386e-01   4.7303870e-01   2.5728579e-01  -1.4149600e+00   2.2105960e-01   1.2839565e+00
   2.0000000e+00  -7.5335970e-01  -1.2603800e+00   1.0592699e+00   1.9458726e-01   8.0041092e-01   2.0279254e+00
   1.0000000e+00   8.8929350e-01   7.7729818e-01   3.9799421e-01  -1.0677479e+00   1.3348832e+00   4.7672359e-01
   2.0000000e+00  -1.9021465e+00  -1.3155571e+00  -6.7014401e-01  -1.7527665e+00  -1.2682248e+00  -1.2784140e-02
   2.0000000e+00  -1.1923673e-01  -2.2234733e+00   1.5941187e+00   3.7750824e-01   1.6694612e-02  -8.0262258e-01
   2.0000000e+00   5.8564961e-01   6.6800210e-01   2.2926805e+00   5.9950255e-01   4.5964467e-01  -1.7560444e-01
   2.0000000e+00   4.2890634e-01   2.8928574e-01  -1.1331581e+00  -5.4008244e-01  -2.0094519e-01   1.0486949e+00
   1.0000000e+00   1.1737211e+00  -1.1237073e+00   9.0167485e-01   1.0119569e-01  -9.5749457e-01  -1.1561205e-01
   2.0000000e+00  -1.8405149e-01   1.6226282e-01   3.7351364e-01  -1.3136716e+00  -6.8894334e-01  -1.5582100e+00
   2.0000000e+00   8.2001077e-01  -4.0559490e-01   1.0573368e+00  -2.9334741e-01   1.5878038e+00  -1.5556171e+00
   2.0000000e+00   1.7282349e+00   1.5385283e+00   1.9741558e+00   1.1442086e+00   1.2465672e+00  -1.9292808e+00
   2.0000000e+00   4.8978532e-01   4.2382695e-01   1.9560201e+00  -1.3049953e+00  -1.3470485e-01  -1.2745713e+00
   2.0000000e+00   4.6535027e-01  -8.2632314e-01  -4.8021629e-01  -4.0878753e-01   7.1061518e-01   5.3411366e-01
   2.0000000e+00  -7.8627579e-01  -6.0956702e-01  -1.5547806e-02  -2.2718030e-01   1.4310123e+00  -9.5810219e-01
   2.0000000e+00  -8.6240135e-01   6.6357530e-01   1.0424913e+00  -9.2686432e-01   5.6125379e-01  -1.7033934e+00
   2.0000000e+00   1.5065725e+00   8.1595591e-02  -1.7785513e+00   6.4453710e-01   8.0980250e-02   1.3323833e+00
   2.0000000e+00  -3.6218963e-01  -1.5340040e+00  -2.6218518e-01  -2.3220262e+00   2.4136470e-01  -3.6524039e-01
   2.0000000e+00  -4.7397666e-01  -1.2938867e-01  -1.0844365e+00   3.7261048e-01   1.4389768e+00   1.4478083e-01
   2.0000000e+00  -1.1018788e+00   1.0694254e+00   6.6667984e-01   1.5595796e-01  -2.3900051e-01  -9.8425618e-01
   2.0000000e+00  -1.3493793e+00  -5.9616886e-01   1.1452381e+00   6.2493314e-01  -1.2665874e+00  -1.6944548e-01
   2.0000000e+00  -4.4354982e-01  -3.5358327e-01  -1.4305620e+00   1.6187394e+00  -5.3930581e-02   5.2759073e-01
   1.0000000e+00  -9.2604769e-02  -1.2607264e+00   6.1978018e-02  -4.8471851e-01   6.7132354e-01   7.4726118e-01
   2.0000000e+00   4.1435320e-01   1.7752090e+00  -7.8896165e-01  -6.5243727e-01   1.2614372e+00   5.8148018e-02
   2.0000000e+00  -5.0924962e-01  -2.3338286e-01  -1.8676971e-01  -1.2313768e+00   1.2273562e+00   2.8550527e-01
   2.0000000e+00   9.9582005e-02   3.5107016e-01   1.6818428e+00  -5.2779363e-01  -5.7812583e-01  -1.3992035e+00
   2.0000000e+00   3.5656153e-01  -3.3442143e-01   1.4130499e+00   8.7558225e-01  -6.0501842e-02   7.8113835e-01
   1.0000000e+00  -1.2267409e-01   1.0443241e-01   2.4557485e-01   6.1910489e-02   2.8387903e+00   1.5353501e-01
   2.0000000e+00  -7.7380079e-01  -3.2943870e-01   1.2933488e+00   5.8341753e-01   4.8179817e-01   7.3561372e-01
   2.0000000e+00  -1.5428614e+00   4.9421690e-01  -5.1752256e-01  -7.5916317e-01  -9.0865478e-01  -7.8164132e-01
   2.0000000e+00  -4.5296819e-01   1.5792998e+00   1.5225489e-01  -9.0616435e-01  -1.7690426e+00   1.1730407e+00
   2.0000000e+00  -1.4319949e-01  -9.5348115e-02  -6.6764823e-01  -7.4473439e-01  -4.7284515e-01  -1.5440877e+00
   2.0000000e+00   7.0874356e-01  -8.2812981e-03  -2.6673803e-01   6.8646221e-01   1.1162217e+00   8.7381521e-01
   2.0000000e+00  -1.7064871e+00  -4.1262552e-01  -8.9476397e-01  -8.5007744e-01  -4.8711959e-01   6.5355267e-01
   2.0000000e+00   4.8985269e-01  -4.9669401e-01  -1.7168049e+00   1.4551854e+00   1.1003534e-01   6.8849170e-01
   2.0000000e+00   6.7579362e-02  -5.8605240e-01   3.1799018e-01  -6.2793052e-01   6.5224295e-01   1.5043009e+00
   2.0000000e+00   5.1038601e-02   1.9132656e+00  -5.7063356e-01   2.3910629e-02  -5.2237776e-01  -3.7148663e-01
   2.0000000e+00   1.0656723e-01   1.8105537e+00  -1.1678478e-01   7.9546297e-01   1.9489803e+00  -1.9812639e+00
   1.0000000e+00   7.0158282e-01   8.1427660e-02   1.7412534e-01  -4.5857234e-01  -7.8907363e-01   7.1027744e-01
   2.0000000e+00  -4.4627878e-02  -2.1292678e+00  -7.7900726e-01   1.8176032e-01   1.2214323e+00   1.2549122e+00
   1.0000000e+00   4.2350799e-01  -1.5283420e+00   9.7407595e-02   3.2726067e-01  -5.7183487e-01  -1.0602078e-01
   1.0000000e+00   1.6406240e-02   3.7377880e-01   4.8019296e-01   2.9754149e-01   1.6679079e-01   8.4638600e-01
   2.0000000e+00  -2.9157730e-02  -1.4152270e+00  -7.7798229e-01  -2.0531699e+00  -6.4465529e-01  -9.9289842e-01
   2.0000000e+00   4.9914857e-01  -2.1875499e-01   1.8213916e+00  -8.1223528e-01   5.8152847e-01   1.2422893e+00
   2.0000000e+00  -9.5417752e-01  -1.5470040e+00   3.8057847e-01   6.1273338e-01   3.7862105e-01  -1.2403757e+00
   2.0000000e+00  -2.7834346e-02   6.1691347e-02   1.3215378e-01  -1.2490919e+00  -9.0597585e-01  -1.0951411e+00
   2.0000000e+00   2.0298822e+00  -4.3074886e-01  -1.2173770e+00  -4.4958548e-01  -1.7642858e+00  -3.0172041e-01
   1.0000000e+00   9.0250208e-01   1.1477343e+00   1.0013733e-01   2.3908515e-01  -4.4875997e-01  -4.8121258e-01
   2.0000000e+00   7.2738522e-01   3.7764434e-01   4.2274319e-01  -1.9109706e-01  -6.0837684e-01   2.9053210e+00
   2.0000000e+00  -2.9859228e+00  -1.6521530e+00   6.2214331e-01   4.7807926e-01   2.1981773e-01   8.2892413e-02
   2.0000000e+00  -5.2064422e-01   3.9924951e-01  -3.2720672e-01   3.0396229e-02  -8.7415913e-01  -7.4360445e-01
   1.0000000e+00  -1.2834314e-01   2.9367784e-01   5.5849254e-01  -9.3164001e-01   1.0787906e+00   5.1166129e-02
   2.0000000e+00  -1.9009817e-01   6.3000427e-02   9.5209310e-01   9.0985299e-01  -2.0940284e+00  -1.1760596e+00
   2.0000000e+00   9.4751022e-01  -5.4737204e-01  -3.5358230e-01   1.1524364e+00   1.4428965e+00  -5.4013514e-01
   1.0000000e+00   4.2818421e-01   1.0338942e-01   1.6269745e-01  -1.4102154e-02   9.4970584e-01   2.6790483e-01
   2.0000000e+00  -2.5671988e-01  -2.7376797e-01  -1.7954123e+00   4.2330036e-01   1.3675804e+00   2.2311812e-01
   2.0000000e+00   9.4258590e-01   5.9947722e-01   1.6066014e+00  -1.7341869e+00   9.7561771e-01  -4.4002266e-02
   2.0000000e+00  -9.5492220e-01  -2.3160925e+00   1.5161782e+00   4.5890397e-01   1.0152318e+00   1.7408653e+00
   2.0000000e+00   6.8515494e-01   1.7143858e+00   8.9290346e-01   1.1467382e-01   9.5455925e-01  -1.2261961e+00
   2.0000000e+00   1.5090929e+00   1.3242693e-01   7.8234136e-01  -4.3878941e-01  -4.6410139e-01  -1.1536650e+00
   2.0000000e+00  -5.8061122e-01   1.6960578e-01  -5.0369169e-02  -3.4848888e-01   9.0905118e-01  -4.4954412e-01
   2.0000000e+00  -8.7655465e-01   3.7965504e-01  -7.8947660e-01   2.3384890e-01  -1.0892485e-01  -1.2150393e+00
   1.0000000e+00   1.4759449e+00  -1.6933229e-01   5.4014486e-01   4.3602760e-01  -9.1151341e-02   8.3605544e-01
   2.0000000e+00  -2.9415473e-01  -8.4508068e-01  -5.4391755e-01  -1.1190612e+00  -2.4100954e-01  -4.3927254e-02
   2.0000000e+00  -4.6161718e-01   1.5522627e-01  -3.8068449e-01   9.4227489e-01   4.9775332e-01   6.6103585e-01
   2.0000000e+00  -9.3593448e-01  -2.7210710e-01  -6.4212539e-01  -1.4468900e+00   9.9727612e-01   9.5902281e-01
   1.0000000e+00  -6.6420369e-01   4.7627874e-01   1.2092834e-01  -1.4700698e-01   1.5016473e-01   1.8100613e-01
   2.0000000e+00   6.9018575e-01  -7.1165979e-01   1.2153236e+00  -4.8843212e-01  -1.9684061e+00   1.3479398e+00
   1.0000000e+00   8.5271599e-01   1.2495390e+00   8.0723449e-01  -1.3969219e+00   1.9678607e+00  -1.6464878e-01
   2.0000000e+00  -4.0082885e-02  -4.1178977e-01  -5.1943411e-01   4.9167379e-01  -3.9666922e-01   9.0352904e-01
   2.0000000e+00   1.1899718e+00   5.2745688e-01  -3.9090689e-01  -1.2431112e+00   5.8981095e-01   1.4131230e-02
   1.0000000e+00  -2.2004107e-01   9.4462944e-01   1.4801483e-01  -5.3155238e-01   1.3273613e+00   1.5832671e-01
   1.0000000e+00   1.0748651e-01  -8.5497494e-02   1.2112863e-02  -8.7455177e-01   7.2145119e-01   4.9727797e-01
   2.0000000e+00  -5.2815559e-01   4.1653791e-01   1.2663062e+00   1.0192363e+00  -1.7521416e+00  -5.8519524e-01
   2.0000000e+00  -6.9035030e-01  -9.2286756e-01   2.5429531e+00   5.5324624e-01   1.1743608e-01  -1.2356114e+00
   2.0000000e+00   1.0463822e+00   1.0111566e+00  -1.3151763e+00   4.3471881e-02   7.3087337e-03  -1.5784882e+00
   2.0000000e+00  -4.3610378e-01  -1.4225655e+00   6.1670100e-02   1.7462133e+00  -2.7818771e+00  -1.2540249e+00
   2.0000000e+00  -1.5454580e+00  -8.0071194e-01  -4.2506861e-01  -7.9136235e-01   1.4066239e+00  -1.9865163e-01
   2.0000000e+00  -7.0398486e-01  -1.3907599e+00  -1.2436951e+00   1.3645985e+00   6.6496554e-01   7.3970144e-01
   1.0000000e+00   1.4656179e+00   1.7373554e+00   2.2941438e-01   9.6486543e-01   1.8776319e+00  -7.3215170e-02
   2.0000000e+00  -3.1456481e+00  -1.5454428e+00   1.5536971e+00   1.6690906e+00  -1.2890428e+00  -4.0939033e-01
   2.0000000e+00  -1.2012046e-01  -4.0552377e-01   3.0553231e-01  -1.1881061e+00  -1.1038361e+00   1.1089807e+00
   2.0000000e+00  -1.8915099e+00   1.8490009e-01  -4.5006971e-01  -7.6097572e-01  -9.9830814e-01   2.2541877e+00
   2.0000000e+00  -1.1854052e+00  -1.3528104e+00  -7.2734680e-02   6.3524041e-01  -1.0561189e+00  -1.3043655e+00
   2.0000000e+00  -8.3234021e-01   1.1596356e+00   1.2563663e+00  -4.3800185e-01   1.1573083e+00   3.4014647e-01
   2.0000000e+00  -2.3410259e+00   1.7983818e+00  -7.2659686e-01  -3.1601626e-01  -6.9237442e-01  -1.4468118e+00
   2.0000000e+00  -8.1846897e-01  -6.0008438e-02  -1.3421657e+00   6.1562545e-01  -1.2904359e+00  -1.6274648e-01
   2.0000000e+00   7.3696650e-01  -5.0765146e-01  -1.5104831e+00  -1.3768224e+00   2.6004495e+00   9.4172473e-01
   2.0000000e+00   2.0303411e-01   1.8755842e-01  -2.2953994e+00   4.0012805e-01   1.0599372e+00  -8.3196451e-01
   2.0000000e+00   4.7256946e-01   5.4956114e-01   3.7195320e-01   1.8989648e+00   2.4351932e-01   1.2559961e+00
   1.0000000e+00   8.2738876e-01   2.7664160e+00   3.6007190e-01   1.1115696e+00  -8.7625481e-01  -8.4047442e-01
   2.0000000e+00  -7.5663865e-01   3.0353428e-01   9.8146189e-01  -2.4188449e-01  -2.0333571e+00   1.1949026e+00
   2.0000000e+00   7.5225682e-02  -1.7560041e-01   9.1912640e-01   5.6502736e-02  -7.7735660e-01  -1.1174480e+00
   2.0000000e+00  -7.1453740e-01   8.6872723e-01   1.8413171e+00   2.7432354e-01   1.6025409e+00  -3.7765295e-01
   2.0000000e+00  -3.0621863e-02   9.4081703e-02   1.3921767e+00   3.3132534e-01  -9.9537215e-01   4.6201311e-01
   2.0000000e+00   9.9359086e-01   3.4387728e-02   1.8414272e+00  -1.7888974e+00  -2.0743456e+00  -8.3372142e-01
   2.0000000e+00  -2.4032885e-01   1.2195282e+00  -6.8408460e-01   1.9349568e+00   5.7063274e-01   2.7559371e-01
   2.0000000e+00  -7.6383455e-01  -2.5730033e-01  -2.0213146e-02   4.2655418e-01  -7.2401106e-01  -5.7483203e-01
   2.0000000e+00   1.9577690e+00   1.5165047e+00   1.0790309e+00   2.5727767e-01   2.1500095e+00   3.4404304e-01
   1.0000000e+00  -3.4473858e-01  -3.5003217e-01   2.8257779e-01   9.2224388e-01   5.0671535e-01   6.8659838e-01
   1.0000000e+00   1.4564012e+00   2.0500167e-01   4.5610708e-01   4.8968204e-01   6.7545527e-01  -7.3346020e-01
   1.0000000e+00   1.1494317e+00  -8.6153728e-02   4.2852267e-01   8.4392437e-01  -7.7397715e-01  -8.9568885e-01
   2.0000000e+00   1.0131693e+00  -6.3235142e-02   8.9904361e-01   9.4408655e-01  -1.6109297e+00   9.4838428e-01
   2.0000000e+00   9.4224582e-01  -1.0225669e-01  -8.6481215e-01   7.9239496e-01   1.5595556e+00  -8.2532057e-01
   2.0000000e+00  -8.5396335e-01   8.0048645e-01  -1.2300196e+00   1.4616819e+00   2.4291978e-01   2.6128392e-01
   1.0000000e+00   7.6101607e-01   1.3093249e+00   5.3428080e-01   2.5740492e-01   1.7040930e+00  -3.7694670e-01
   2.0000000e+00  -7.1205867e-01  -6.6981322e-01  -2.7629806e-01   1.9990059e-01   1.2267170e+00  -8.3552397e-02
   2.0000000e+00   7.3669528e-01   3.9411254e-01  -1.0365223e+00   1.3541636e+00   5.2778416e-01  -4.1984231e-03
   2.0000000e+00   9.5000255e-01  -1.3697948e+00  -9.4502213e-01   3.1120566e-01  -1.0073522e-02  -1.2870725e+00
   2.0000000e+00  -8.7845764e-01  -9.9988516e-01  -1.5011148e+00   2.0258143e+00   1.1126195e+00  -2.5686596e+00
   2.0000000e+00  -2.0979028e+00   4.4520993e-01  -3.0924737e-01   1.3223581e+00  -1.1547780e+00  -2.3410848e-01
   1.0000000e+00   9.7552488e-01  -4.6285043e-01   4.5512795e-02  -1.6514005e+00  -1.3809387e+00  -5.1511173e-02
   2.0000000e+00   6.9963557e-01  -4.2085398e-02  -2.1078524e+00   2.6686852e-01   3.2169588e-01   1.0734406e+00
   2.0000000e+00   1.2041244e+00  -7.3888202e-01  -4.2879657e-01   1.1917541e+00   2.7712099e-01   3.0651873e-01
   2.0000000e+00  -6.0692019e-01   3.0553493e-01  -3.0863475e-01  -6.4987828e-01  -2.1998445e-02   1.0663940e+00
   2.0000000e+00  -7.9826088e-01  -1.8685140e+00   5.6415267e-01  -1.0025752e+00   7.1786290e-01  -9.9723988e-01
   2.0000000e+00  -1.9189212e-01   2.3379923e-01   1.4665965e+00   2.2888321e-01   5.5941136e-01   2.9213349e-01
   2.0000000e+00   7.7586191e-01  -1.3410385e+00   1.7969098e+00  -1.6055610e+00   1.0765049e-01   1.4674209e-01
   2.0000000e+00   1.4998781e+00  -1.0227976e+00  -1.0788569e+00  -8.8662949e-01  -7.2067355e-01  -1.3918052e+00
   2.0000000e+00  -4.2418037e-01   2.8092170e-01  -2.1393253e-01   4.6384077e-01  -1.3896635e+00   4.9444866e-01
   2.0000000e+00   6.2734154e-01  -1.5789363e+00  -2.3880146e-01   3.8146142e+00   8.3259856e-01  -1.6200930e-01
   2.0000000e+00  -8.9184435e-01   7.8609508e-01  -5.3588707e-01  -1.8524992e-01   1.2077666e+00   5.9810262e-01
   2.0000000e+00  -3.0892608e-01   6.8842889e-01  -4.6863594e-01  -1.8864187e+00   1.0687972e+00   1.3208603e+00
   2.0000000e+00  -7.8426825e-01  -6.7327446e-01  -1.3089576e+00  -2.8060190e-01   6.9225640e-02  -4.0481509e-01
   2.0000000e+00  -9.6796954e-01  -5.7960061e-01  -3.4009164e-01   4.8107685e-01   6.4688829e-01  -2.9997409e-01
   2.0000000e+00   1.4019109e-01   5.0834437e-01  -2.4474419e+00   1.9061087e+00  -6.1751251e-01   4.4093448e-01
   2.0000000e+00   6.3841057e-01  -1.7756316e-01  -4.4142807e-01  -1.1765881e-01  -2.4778539e+00   7.7237617e-01
   1.0000000e+00   6.4040910e-02   2.5432319e+00   1.3298788e-01   4.9964305e-01   2.5038282e+00   3.4989147e-02
   2.0000000e+00  -1.9409617e-01  -9.0401342e-01  -2.6719178e-01  -6.9750393e-02   5.5054959e-01   4.1506482e-01
   2.0000000e+00   1.9249106e+00   7.1499464e-02  -9.6205851e-01   7.5020383e-01   2.2686935e-01  -4.2724492e-01
   2.0000000e+00  -6.3847574e-01  -1.3618306e+00   1.6815907e+00   4.6274046e-01  -1.7559985e-01  -1.0460945e+00
   2.0000000e+00   2.2041393e+00  -5.2957621e-01  -1.1736346e+00  -1.4684244e-01   4.8160310e-01  -1.9281027e-01
   2.0000000e+00   3.0819629e-02  -8.4027878e-01  -4.8567958e-01  -3.7781830e-01  -1.2548598e+00  -9.8966054e-01
   2.0000000e+00   1.7327972e-01   1.7346773e+00   1.9274260e+00  -7.5535354e-01  -6.2304045e-01   5.8352932e-01
   2.0000000e+00  -2.3562467e-01   2.6561160e-01  -1.1476954e+00   2.2097915e+00   6.9602521e-01  -3.0291250e-01
   2.0000000e+00  -1.5474732e+00   8.8573923e-01  -5.0249006e-01   1.9385506e-01  -4.9006208e-01  -1.8779716e+00
   2.0000000e+00  -1.5822160e-01  -1.4794052e+00  -6.4677951e-02  -4.1793651e-01  -2.3704469e-01   2.5168726e-01
   1.0000000e+00   1.6696683e+00  -1.0254508e-01   4.2056297e-01   4.8841242e-01  -2.1938287e+00   2.1006533e-01
   2.0000000e+00  -9.6619959e-02   5.3763068e-01  -9.5408667e-01   1.6494675e-01   1.4042533e-01   2.4733755e+00
   2.0000000e+00  -6.1751299e-01   1.5827777e+00  -1.0536145e+00  -2.0933041e+00  -1.1206732e-01   2.1800498e+00
   2.0000000e+00  -3.7284946e-02   3.3874926e-01   1.3827714e+00  -7.0949295e-01   8.9218362e-02  -1.2024541e+00
   2.0000000e+00   1.5140079e+00  -3.9043271e-01  -1.1960480e-01   1.6323246e+00  -1.0797410e+00   1.5009500e-01
   1.0000000e+00   1.0003308e+00   9.7954695e-01   6.1928801e-01   6.3399094e-01  -1.2076808e-01  -3.5374813e-01
   2.0000000e+00   6.8572296e-01  -1.0310053e+00   5.4325571e-01  -4.2906291e-01   1.0518207e+00  -1.2314349e+00
   2.0000000e+00   5.0977627e-01  -1.0948237e+00  -7.1524851e-01   7.0245813e-01  -6.9810248e-01  -1.0429259e+00
   2.0000000e+00  -2.2682393e+00  -3.8826695e-01   6.2699226e-01  -1.9408747e+00  -1.5053965e+00  -2.1121341e-01
   2.0000000e+00  -1.8822645e+00   5.3148518e-01  -5.2771610e-01  -3.0038515e-01  -2.0431312e-01   5.7836785e-01
   2.0000000e+00   5.5970120e-01   1.1865885e+00   1.7200673e-01  -9.8419054e-01   5.4635041e-01  -2.1892624e+00
   1.0000000e+00  -8.0097267e-01  -3.2569727e-01   4.7919317e-01   4.6269543e-02   1.5034422e+00   1.6328153e-02
   1.0000000e+00  -6.0501386e-01   2.6494638e-01   1.2895102e-01  -7.0960789e-02  -1.7168781e-01   7.6351695e-02
   2.0000000e+00   6.3819381e-01  -1.0328775e+00  -1.1828235e+00  -1.4431982e-01  -4.9599148e-01  -3.2274796e-01
   2.0000000e+00   1.8689962e-01   6.4836545e-01  -1.8283649e+00   5.5440390e-01  -5.1835393e-01  -4.4286510e-01
   1.0000000e+00  -1.1728447e+00  -1.7517161e+00   6.8312380e-01  -8.4252284e-01   1.3556406e+00   4.8133848e-01
   2.0000000e+00  -1.3325078e+00  -1.1633043e+00  -3.2990592e-02  -3.1396091e-01   7.4120462e-02  -1.4462321e+00
   1.0000000e+00  -1.5181127e+00   4.5494798e-01   1.0894785e-01   9.3495461e-01   6.4662070e-01  -3.9329942e-01
   2.0000000e+00   1.7327990e+00  -3.9869806e-01  -2.0411614e+00   1.3106010e+00  -5.5213295e-02  -1.5264757e+00
   2.0000000e+00  -2.1387466e+00  -3.1584284e-01   2.0960378e+00  -1.4436190e-01  -3.3183056e-01   5.8862912e-01
   2.0000000e+00   1.5138543e+00   6.9590884e-01  -5.4490183e-01  -1.4043365e+00   1.4168087e+00  -6.3708758e-01
   2.0000000e+00   1.4813906e+00  -1.2492487e+00  -1.0357500e+00   2.5021433e-01   4.8017665e-01  -1.1194438e-01
   2.0000000e+00  -6.1106070e-01  -9.9589423e-01  -1.1371655e+00   4.7030497e-01   9.2754681e-01   1.5215992e+00
   2.0000000e+00   3.0497400e-01   3.0362733e-01  -2.3933613e+00  -1.3025069e+00  -1.2726454e+00   8.9239120e-01
   2.0000000e+00  -4.9475383e-01  -1.1559941e+00  -2.6662707e-01  -8.8710732e-01   1.2410787e-01  -1.3749537e+00
   2.0000000e+00  -8.4548947e-01   8.5437646e-01   1.1594526e-01   3.1255336e-01   6.2880957e-01  -1.8875955e+00
   2.0000000e+00  -4.9497849e-02   8.2424168e-01  -1.2417359e+00   8.4219685e-01  -8.1100107e-01   5.3199089e-01
   2.0000000e+00  -8.1346255e-01  -8.4272076e-02   1.3765955e+00  -1.1596586e+00  -5.1639789e-01   5.6469685e-01
   2.0000000e+00  -1.1395044e-01   6.7942119e-02  -1.0248021e+00   6.2674560e-01   1.7458701e+00  -1.8850197e-01
   2.0000000e+00  -9.2847558e-01   1.0429898e+00  -1.0360896e+00   9.5835122e-01  -1.3076834e+00   7.2305696e-01
   2.0000000e+00   3.9227409e-01   1.8918940e+00  -5.1171866e-01   2.1677705e+00   1.1457119e+00  -9.9748390e-01
   2.0000000e+00   9.2055311e-01   3.8236465e-01  -5.5117434e-01  -6.7449017e-01   3.5490661e-01  -4.2866238e-01
   2.0000000e+00   6.0368680e-01  -1.8509313e+00   1.7905073e+00   1.1179102e+00  -1.7693709e-01  -4.7899523e-01
   1.0000000e+00   6.6851863e-02  -1.1107382e+00   6.6591829e-01  -1.3536521e+00  -6.8835169e-01   6.9211099e-01
   1.0000000e+00  -1.0441383e+00  -5.7873519e-01   8.8609986e-02   4.9630511e-01  -6.7081440e-01  -1.3469132e-01
   2.0000000e+00  -1.9037754e+00  -2.2630641e-01  -2.6604003e-01   1.1207588e+00  -1.8413096e-01   1.9029143e+00
   1.0000000e+00   1.6902233e+00  -8.2552457e-01   8.8288988e-01   7.1437853e-01   2.4911122e+00   2.2400681e-01
